"team","exp_sum","total_salary","total_points3","total_points2","total_points1","total_off_reb","total_def_reb","total_assists","total_blocks","total_turnovers","total_fouls","total_efficiency"
"ATL",100,93.41,660,2337,1453,832,2676,1846,381,1201,1432,88.2823948363639
"BOS",63,91.92,985,2183,1536,744,2698,2069,340,1037,1686,86.9822406079301
"BRK",70,76.21,777,2040,1444,689,2697,1664,382,1212,1620,97.526468766064
"CHI",59,92.48,565,2162,1330,865,2419,1746,339,956,1275,82.3961178419393
"CHO",63,88.5,808,2089,1497,621,2615,1806,316,820,1177,84.8453113837142
"CLE",145,127.25,1030,2148,1384,735,2673,1779,304,1020,1356,105.027422040166
"DAL",65,92.83,712,1754,1007,521,2063,1183,257,674,1229,83.7953148081758
"DEN",83,79.04,868,2351,1477,872,2660,2015,286,1102,1475,104.042722729214
"DET",55,103.07,631,2638,1140,908,2838,1732,310,932,1467,78.3605714836011
"GSW",113,100.22,982,2545,1455,770,2869,2486,554,1179,1581,110.609763230552
"HOU",70,87.39,1140,2011,1623,857,2608,1969,331,1113,1473,95.5989040994313
"IND",95,92.6,709,2512,1467,742,2702,1844,409,1087,1597,89.1749148823067
"LAC",124,114.77,841,2401,1586,738,2790,1848,347,1022,1626,87.6835245311485
"LAL",65,85.11,582,2069,1021,789,2213,1334,267,972,1444,75.0453183036587
"MEM",90,108.94,757,2176,1489,880,2582,1725,335,993,1798,87.6824132483396
"MIA",63,72.94,799,2349,1217,856,2648,1728,464,1019,1647,86.7601130546171
"MIL",83,104.65,720,2462,1413,723,2589,1984,436,1096,1660,96.398033135925
"MIN",48,59.88,599,2607,1580,932,2516,1924,368,1085,1620,85.3696676782436
"NOP",78,94.03,519,1956,1128,580,2248,1531,380,828,1168,102.977903880002
"NYK",59,97.1,636,2445,1262,962,2592,1499,451,975,1584,86.2304684264962
"OKC",55,86.97,611,2380,1511,936,2628,1610,395,1133,1561,87.5900438423306
"ORL",62,104.1,618,2178,1232,707,2452,1760,305,987,1445,75.8630271775528
"PHI",39,56.3,718,1960,1225,690,2354,1816,375,1197,1573,99.7973799227263
"PHO",73,73.27,569,2554,1615,882,2464,1531,385,1171,1887,88.387433373913
"POR",43,102.48,847,2148,1386,706,2428,1508,342,978,1581,83.4615128509319
"SAC",77,88.28,562,1838,998,525,1876,1402,232,850,1303,86.5866224777272
"SAS",99,105.39,753,2469,1440,821,2777,1954,484,1057,1498,91.1404045075913
"TOR",57,108.45,626,2359,1570,847,2535,1469,379,932,1609,96.9725413298354
"UTA",71,80.32,791,2242,1401,771,2774,1651,410,1060,1545,85.5276324311635
"WAS",57,100.78,718,2526,1368,806,2564,1893,325,1062,1643,89.1329801432058
